
 1 0 184 183
 184 183 313 312
 654 653 810 809
 1108 1107 1229 1228
 1229 1228 1340 1339
 1340 1339 1505 1504
 1505 1504 1621 1620
 1621 1620 1753 1752
 1753 1752 1887 1886
 1887 1886 2054 2053
 2054 2053 2193 2192
 2193 2192 2305 2304
 2305 2304 2491 2490
 2491 2490 2608 2607
 2880 2879 3068 3067
 3068 3067 3070 3069
 3070 3069 3340 3339
 3340 3339 3470 3469
 3470 3469 3637 3636
 3637 3636 3753 3752
 4007 4006 4224 4223
 4224 4223 4489 4488
 4489 4488 4586 4585
 4586 4585 4671 4670
 4671 4670 4815 4814
 4815 4814 5021 5020
 5021 5020 5240 5239
 5240 5239 5353 5352
 5667 5666 5808 5807
 5808 5807 6012 6011
 6012 6011 6137 6136
 6137 6136 6247 6246
 6247 6246 6367 6366
 6367 6366 6806 6805
 6367 6366 6806 6805
 6806 6805 6922 6921
 6922 6921 7417 7416
 7417 7416 7568 7567
 7568 7567 7735 7734
 7735 7734 7911 7910
 7911 7910 8149 8148
 8149 8148 8264 8263
 8264 8263 8450 8449
 8450 8449 8576 8575
 9089 9088 9254 9253
 9254 9253 9418 9417
 9418 9417 9488 9487
 9488 9487 9666 9665
 9666 9665 9820 9819
 9820 9819 10038 10037
 10038 10037 10152 10151
 10507 10506 10695 10694
 10695 10694 10815 10814
 10815 10814 10942 10941
 10942 10941 11034 11033
 11034 11033 11165 11164
 11165 11164 11266 11265
 11266 11265 11430 11429
 11540 11539 11795 11794
 11795 11794 12170 12169
 12170 12169 12501 12500
 12501 12500 12762 12761
 12762 12761 12928 12927
 12928 12927 13367 13366
 13367 13366 13688 13687
 13688 13687 13815 13814
 13815 13814 13817 13816
 13817 13816 14193 14192
 14193 14192 14333 14332
 14333 14332 14591 14590
 14591 14590 14777 14776
 14777 14776 14932 14931
 14932 14931 15151 15150
 15151 15150 15457 15456
 15457 15456 15872 15871
 15872 15871 16479 16478
 16479 16478 16628 16627
 16628 16627 16743 16742
 16743 16742 17450 17449
 17450 17449 17561 17560
 17561 17560 17694 17693
 17694 17693 17854 17853
 17854 17853 18019 18018
 18019 18018 18277 18276
 18277 18276 18397 18396
 18708 18707 18882 18881
 18882 18881 18983 18982
 18983 18982 19216 19215
 19216 19215 19607 19606
 19607 19606 19974 19973
 19974 19973 20241 20240
 20241 20240 20295 20294
 20295 20294 20528 20527
 20528 20527 20591 20590
 20591 20590 20779 20778
 20779 20778 21170 21169
 21170 21169 21290 21289
 21290 21289 21555 21554
 21555 21554 21800 21799
 21800 21799 21964 21963
 21964 21963 22369 22368
 22369 22368 22733 22732
 22733 22732 22964 22963
 22964 22963 23142 23141
 23142 23141 23381 23380
 23381 23380 23548 23547
 23548 23547 23934 23933
 23934 23933 24314 24313
 24314 24313 24503 24502
 24503 24502 24673 24672
 24673 24672 24918 24917
 24918 24917 25073 25072
 25073 25072 25459 25458
